0.00 1.53
1.00 1.46
2.00 1.09
3.00 287
4.00 91.9
5.00 103
6.00 230
7.00 103
8.00 157
9.00 83.4
10.00 119
11.00 76.4
12.00 83.4
13.00 110
14.00 181
15.00 83.4
16.00 100
17.00 79.2
18.00 109
19.00 91.9
20.00 93.3
21.00 87.7
22.00 119
23.00 70.7
24.00 124
25.00 90.5
26.00 120
27.00 233
28.00 317
29.00 272
30.00 93.3
31.00 103
32.00 91.9
33.00 228
34.00 112
35.00 110
36.00 97.6
37.00 91.9
38.00 124
39.00 89.1
40.00 91.9
41.00 97.6
42.00 107
43.00 97.6
44.00 79.2
45.00 189
46.00 106
47.00 122
48.00 82.0
49.00 91.9
50.00 105
51.00 102
52.00 84.8
53.00 83.4
54.00 143
55.00 245
56.00 322
57.00 178
58.00 106
59.00 157
60.00 83.4
61.00 73.5
62.00 82.0
63.00 86.3
64.00 83.4
65.00 79.2
66.00 80.6
67.00 99.0
68.00 96.2
69.00 89.1
70.00 94.7
71.00 82.0
72.00 100
73.00 115
74.00 192
75.00 86.3
76.00 102
77.00 66.5
78.00 97.6
79.00 79.2
80.00 106
81.00 197
82.00 290
83.00 354
84.00 110
85.00 96.2
86.00 82.0
87.00 113
88.00 110
89.00 107
0.00 sender
0.00 
