0.00 312
1.00 294
2.00 178
3.00 115
4.00 105
5.00 83.9
6.00 52.4
7.00 73.4
8.00 52.4
9.00 62.9
10.00 52.4
11.00 73.4
12.00 52.4
13.00 52.4
14.00 52.4
15.00 73.4
16.00 83.9
17.00 83.9
18.00 83.9
19.00 73.4
20.00 94.4
21.00 94.4
22.00 83.9
23.00 94.4
24.00 83.9
25.00 73.4
26.00 115
27.00 220
28.00 241
29.00 241
30.00 94.4
31.00 83.9
32.00 94.4
33.00 83.9
34.00 73.4
35.00 62.9
36.00 62.9
37.00 73.4
38.00 83.9
39.00 73.4
40.00 41.9
41.00 31.5
42.00 41.9
43.00 94.4
44.00 73.4
45.00 83.9
46.00 83.9
47.00 83.9
48.00 83.9
49.00 94.4
50.00 83.9
51.00 94.4
52.00 83.9
53.00 94.4
54.00 136
55.00 220
56.00 231
57.00 147
58.00 83.9
59.00 83.9
60.00 73.4
61.00 31.5
62.00 31.5
63.00 31.5
64.00 31.5
65.00 31.5
66.00 73.4
67.00 41.9
68.00 42.0
69.00 21.0
70.00 73.4
71.00 83.9
72.00 83.9
73.00 83.9
74.00 83.9
75.00 94.4
76.00 83.9
77.00 94.4
78.00 94.4
79.00 83.9
80.00 83.9
81.00 189
82.00 241
83.00 220
84.00 115
85.00 62.9
86.00 83.9
87.00 52.4
88.00 62.9
89.00 62.9
0.00 95.0
0.00 94.0
