0.00 0
1.00 30
2.00 1061
3.00 1679
4.00 305
5.00 22
6.00 21
7.00 181
8.00 95
9.00 72
10.00 129
11.00 36
12.00 6
13.00 104
14.00 17
15.00 115
16.00 15
17.00 24
18.00 9
19.00 18
20.00 17
21.00 35
22.00 3
23.00 46
24.00 118
25.00 38
26.00 157
27.00 0
28.00 0
29.00 196
30.00 271
31.00 29
32.00 24
33.00 7
34.00 172
35.00 20
36.00 26
37.00 25
38.00 18
39.00 59
40.00 7
41.00 3
42.00 7
43.00 36
44.00 24
45.00 6
46.00 116
47.00 139
48.00 54
49.00 9
50.00 16
51.00 30
52.00 26
53.00 28
54.00 11
55.00 0
56.00 0
57.00 289
58.00 121
59.00 106
60.00 88
61.00 8
62.00 1
63.00 2
64.00 4
65.00 6
66.00 24
67.00 7
68.00 6
69.00 6
70.00 23
71.00 25
72.00 18
73.00 8
74.00 25
75.00 186
76.00 13
77.00 27
78.00 22
79.00 24
80.00 17
81.00 11
82.00 0
83.00 0
84.00 401
85.00 30
86.00 18
87.00 1
88.00 17
89.00 18
0.00 7264
0.00 receiver
