0.00 55
1.00 0
2.00 0
3.00 0
4.00 0
5.00 0
6.00 0
7.00 0
8.00 0
9.00 0
10.00 0
11.00 0
12.00 0
13.00 0
14.00 0
15.00 0
16.00 0
17.00 1
18.00 0
19.00 0
20.00 1
21.00 0
22.00 0
23.00 1
24.00 54
25.00 0
26.00 0
27.00 0
28.00 0
29.00 0
30.00 0
31.00 0
32.00 0
33.00 0
34.00 0
35.00 0
36.00 0
37.00 0
38.00 0
39.00 0
40.00 0
41.00 2
42.00 0
43.00 0
44.00 0
45.00 0
46.00 0
47.00 0
48.00 0
49.00 0
50.00 0
51.00 0
52.00 0
53.00 5
54.00 0
55.00 0
56.00 1
57.00 0
58.00 0
59.00 1
60.00 0
61.00 0
62.00 1
63.00 83
64.00 0
65.00 7
66.00 0
67.00 0
68.00 0
69.00 0
70.00 0
71.00 0
72.00 0
73.00 0
74.00 0
75.00 0
76.00 0
77.00 0
78.00 0
79.00 1
80.00 0
81.00 0
82.00 1
83.00 0
84.00 0
85.00 1
86.00 75
87.00 0
88.00 0
89.00 0
0.00 290
0.00 receiver
