0.00 773
1.00 837
2.00 882
3.00 912
4.00 928
5.00 936
6.00 950
7.00 977
8.00 1004
9.00 1.01
10.00 1.03
11.00 1.06
12.00 1.08
13.00 1.10
14.00 1.14
15.00 1.24
16.00 1.37
17.00 1.41
18.00 1.41
19.00 1.41
20.00 1.41
21.00 1.41
22.00 1.41
23.00 1.41
24.00 1.18
25.00 1.32
26.00 1.43
27.00 1.52
28.00 1.58
29.00 1.63
30.00 1.66
31.00 1.67
32.00 1.68
33.00 1.68
34.00 1.68
35.00 1.68
36.00 1.69
37.00 1.70
38.00 1.73
39.00 1.76
40.00 1.82
41.00 1.36
42.00 1.50
43.00 1.61
44.00 1.70
45.00 1.76
46.00 1.80
47.00 1.83
48.00 1.85
49.00 1.86
50.00 1.86
51.00 1.86
52.00 1.86
53.00 1.42
54.00 1.55
55.00 1.65
56.00 1.41
57.00 1.41
58.00 1.41
59.00 1.41
60.00 1.41
61.00 1.41
62.00 1.41
63.00 1.35
64.00 1.50
65.00 806
66.00 853
67.00 884
68.00 901
69.00 909
70.00 928
71.00 956
72.00 984
73.00 1011
74.00 1.01
75.00 1.04
76.00 1.06
77.00 1.08
78.00 1.11
79.00 1.41
80.00 1.41
81.00 1.41
82.00 1.41
83.00 1.41
84.00 1.41
85.00 1.41
86.00 1022
87.00 1.10
88.00 1.17
89.00 1.23
0.00 sender
0.00 
