0.00 773
1.00 837
2.00 882
3.00 912
4.00 928
5.00 936
6.00 950
7.00 977
8.00 1004
9.00 1.01
10.00 1.03
11.00 1.06
12.00 1.08
13.00 1.10
14.00 1.14
15.00 1.24
16.00 1.41
17.00 1.41
18.00 1.41
19.00 1.41
20.00 1.41
21.00 1.41
22.00 1.41
23.00 1.07
24.00 1.19
25.00 1.29
26.00 1.37
27.00 1.42
28.00 1.46
29.00 1.48
30.00 1.49
31.00 1.50
32.00 1.50
33.00 1.50
34.00 1.50
35.00 1.51
36.00 1.53
37.00 1.56
38.00 1.60
39.00 1.67
40.00 1.76
41.00 1.87
42.00 1.44
43.00 1.57
44.00 1.67
45.00 1.75
46.00 1.81
47.00 1.84
48.00 1.87
49.00 1.34
50.00 1.43
51.00 1.49
52.00 1.54
53.00 1.57
54.00 1.59
55.00 1.59
56.00 1.41
57.00 1.41
58.00 1.41
59.00 1.41
60.00 1.41
61.00 1.41
62.00 1.41
63.00 1.30
64.00 1.44
65.00 775
66.00 830
67.00 867
68.00 889
69.00 901
70.00 912
71.00 942
72.00 969
73.00 996
74.00 1021
75.00 1.02
76.00 1.05
77.00 1.07
78.00 829
79.00 921
80.00 990
81.00 1.02
82.00 1.05
83.00 1.07
84.00 1.08
85.00 1.08
86.00 1.08
87.00 1.08
88.00 1.08
89.00 1.10
0.00 sender
0.00 
