0.00 52
1.00 0
2.00 0
3.00 0
4.00 0
5.00 0
6.00 0
7.00 0
8.00 0
9.00 0
10.00 0
11.00 0
12.00 0
13.00 0
14.00 0
15.00 0
16.00 1
17.00 0
18.00 0
19.00 1
20.00 0
21.00 0
22.00 1
23.00 72
24.00 0
25.00 0
26.00 0
27.00 0
28.00 0
29.00 0
30.00 0
31.00 0
32.00 0
33.00 0
34.00 0
35.00 0
36.00 0
37.00 0
38.00 0
39.00 0
40.00 0
41.00 0
42.00 6
43.00 0
44.00 0
45.00 0
46.00 0
47.00 0
48.00 0
49.00 4
50.00 0
51.00 0
52.00 0
53.00 0
54.00 0
55.00 0
56.00 1
57.00 0
58.00 0
59.00 1
60.00 0
61.00 0
62.00 1
63.00 82
64.00 0
65.00 9
66.00 0
67.00 0
68.00 0
69.00 0
70.00 0
71.00 0
72.00 0
73.00 0
74.00 0
75.00 0
76.00 0
77.00 0
78.00 495
79.00 0
80.00 0
81.00 0
82.00 0
83.00 0
84.00 0
85.00 0
86.00 0
87.00 0
88.00 0
89.00 0
0.00 726
0.00 receiver
