0.00 339
1.00 283
2.00 294
3.00 283
4.00 283
5.00 294
6.00 283
7.00 283
8.00 294
9.00 283
10.00 283
11.00 294
12.00 283
13.00 294
14.00 283
15.00 283
16.00 136
17.00 0.00
18.00 0.00
19.00 0.00
20.00 0.00
21.00 0.00
22.00 0.00
23.00 73.5
24.00 283
25.00 283
26.00 273
27.00 283
28.00 283
29.00 283
30.00 273
31.00 283
32.00 283
33.00 283
34.00 273
35.00 283
36.00 283
37.00 283
38.00 283
39.00 283
40.00 283
41.00 283
42.00 283
43.00 283
44.00 273
45.00 283
46.00 283
47.00 283
48.00 273
49.00 283
50.00 283
51.00 283
52.00 283
53.00 273
54.00 283
55.00 283
56.00 105
57.00 0.00
58.00 0.00
59.00 0.00
60.00 0.00
61.00 0.00
62.00 0.00
63.00 105
64.00 283
65.00 283
66.00 294
67.00 283
68.00 294
69.00 283
70.00 283
71.00 294
72.00 283
73.00 283
74.00 294
75.00 283
76.00 283
77.00 294
78.00 262
79.00 273
80.00 283
81.00 283
82.00 283
83.00 283
84.00 273
85.00 283
86.00 283
87.00 283
88.00 273
89.00 283
0.00 238
0.00 237
