0.00 3.37
1.00 6.53
2.00 8.00
3.00 8.00
4.00 8.00
5.00 8.00
6.00 8.00
7.00 8.00
8.00 8.00
9.00 8.00
10.00 8.00
11.00 8.00
12.00 8.00
13.00 8.00
14.00 8.00
15.00 8.00
16.00 8.00
17.00 8.00
18.00 8.00
19.00 8.00
20.00 8.00
21.00 8.00
22.00 8.00
23.00 8.00
24.00 8.00
25.00 8.00
26.00 8.00
27.00 8.00
28.00 8.00
29.00 8.00
30.00 8.00
31.00 8.00
32.00 8.00
33.00 8.00
34.00 8.00
35.00 8.00
36.00 8.00
37.00 8.00
38.00 8.00
39.00 8.00
40.00 8.00
41.00 8.00
42.00 8.00
43.00 8.00
44.00 8.00
45.00 8.00
46.00 8.00
47.00 8.00
48.00 8.00
49.00 8.00
50.00 8.00
51.00 8.00
52.00 8.00
53.00 8.00
54.00 8.00
55.00 8.00
56.00 8.00
57.00 8.00
58.00 8.00
59.00 8.00
0.00 sender
0.00 
