0.00 178
1.00 168
2.00 147
3.00 136
4.00 147
5.00 136
6.00 126
7.00 136
8.00 126
9.00 136
10.00 115
11.00 105
12.00 94.4
13.00 94.4
14.00 94.4
15.00 94.4
16.00 105
17.00 105
18.00 105
19.00 115
20.00 105
21.00 94.4
22.00 136
23.00 126
24.00 126
25.00 126
26.00 126
27.00 126
28.00 126
29.00 136
30.00 126
31.00 136
32.00 126
33.00 136
34.00 147
35.00 136
36.00 126
37.00 136
38.00 126
39.00 126
40.00 136
41.00 126
42.00 126
43.00 126
44.00 136
45.00 126
46.00 126
47.00 126
48.00 126
49.00 136
50.00 126
51.00 115
52.00 126
53.00 136
54.00 126
55.00 136
56.00 126
57.00 115
58.00 126
59.00 115
0.00 126
0.00 125
