0.00 1007
1.00 1.79
2.00 1.64
3.00 1.80
4.00 1.95
5.00 1.44
6.00 1.52
7.00 1.58
8.00 1.62
9.00 1.64
10.00 1.66
11.00 1.67
12.00 1.67
13.00 1.67
14.00 1.67
15.00 1.68
16.00 1.69
17.00 1.72
18.00 1.76
19.00 1.81
20.00 1.90
21.00 2.00
22.00 1.49
23.00 1.65
24.00 1.78
25.00 1.88
26.00 1.96
27.00 2.02
28.00 1.45
29.00 1.55
30.00 1.62
31.00 1.67
32.00 1.71
33.00 1.73
34.00 1.74
35.00 1.26
36.00 1.34
37.00 1.40
38.00 1.44
39.00 1.46
40.00 1.47
41.00 1.48
42.00 1.48
43.00 1.48
44.00 1.48
45.00 1.49
46.00 1.51
47.00 1.54
48.00 1.58
49.00 1.64
50.00 1.73
51.00 1.84
52.00 1.97
53.00 1.50
54.00 1.64
55.00 1.76
56.00 1.85
57.00 1.92
58.00 1.97
59.00 2.00
0.00 sender
0.00 
