0.00 1.84
1.00 3.12
2.00 1.86
3.00 1.97
4.00 2.05
5.00 2.12
6.00 2.16
7.00 2.19
8.00 2.20
9.00 2.21
10.00 2.21
11.00 2.21
12.00 2.21
13.00 2.22
14.00 2.23
15.00 1.70
16.00 1.84
17.00 1.96
18.00 2.05
19.00 2.12
20.00 2.17
21.00 2.20
22.00 2.22
23.00 2.23
24.00 2.23
25.00 2.23
26.00 2.23
27.00 2.24
28.00 2.25
29.00 2.27
30.00 1.72
31.00 1.87
32.00 1.99
33.00 2.08
34.00 2.15
35.00 2.21
36.00 2.24
37.00 2.26
38.00 2.27
39.00 2.28
40.00 2.28
41.00 2.28
42.00 2.28
43.00 2.29
44.00 2.31
45.00 2.34
46.00 2.39
47.00 2.46
48.00 2.55
49.00 2.67
50.00 1.38
51.00 1.46
52.00 1.51
53.00 1.55
54.00 1.58
55.00 1.59
56.00 1.59
57.00 1.59
58.00 1.59
59.00 1.60
0.00 sender
0.00 
