0.00 627
1.00 524
2.00 503
3.00 493
4.00 503
5.00 514
6.00 524
7.00 514
8.00 503
9.00 493
10.00 482
11.00 472
12.00 482
13.00 482
14.00 503
15.00 514
16.00 524
17.00 503
18.00 493
19.00 514
20.00 514
21.00 514
22.00 503
23.00 514
24.00 493
25.00 514
26.00 514
27.00 524
28.00 514
29.00 514
30.00 503
31.00 503
32.00 535
33.00 566
34.00 587
35.00 629
36.00 650
37.00 640
38.00 619
39.00 577
40.00 514
41.00 482
42.00 493
43.00 503
44.00 524
45.00 535
46.00 514
47.00 493
48.00 472
49.00 503
50.00 493
51.00 503
52.00 514
53.00 514
54.00 524
55.00 503
56.00 482
57.00 482
58.00 493
59.00 503
0.00 519
0.00 517
