0.00 312
1.00 252
2.00 231
3.00 220
4.00 220
5.00 220
6.00 210
7.00 220
8.00 231
9.00 220
10.00 231
11.00 220
12.00 220
13.00 220
14.00 210
15.00 241
16.00 220
17.00 220
18.00 220
19.00 220
20.00 210
21.00 210
22.00 220
23.00 199
24.00 231
25.00 220
26.00 210
27.00 220
28.00 210
29.00 210
30.00 252
31.00 220
32.00 220
33.00 220
34.00 231
35.00 220
36.00 210
37.00 220
38.00 220
39.00 210
40.00 220
41.00 241
42.00 231
43.00 220
44.00 210
45.00 220
46.00 220
47.00 210
48.00 210
49.00 210
50.00 241
51.00 220
52.00 220
53.00 241
54.00 220
55.00 210
56.00 220
57.00 220
58.00 220
59.00 231
0.00 223
0.00 221
