0.00 1.05
1.00 1.04
2.00 1.05
3.00 1.04
4.00 1.05
5.00 1.05
6.00 1.04
7.00 1.05
8.00 1.04
9.00 1.05
10.00 1.04
11.00 1.05
12.00 1.04
13.00 1.05
14.00 1.04
15.00 1.05
16.00 1.04
17.00 1.05
18.00 1.04
19.00 1.05
20.00 1.04
21.00 1.05
22.00 1.04
23.00 1.05
24.00 1.04
25.00 1.05
26.00 1.04
27.00 1.05
28.00 1.04
29.00 1.05
30.00 1.05
31.00 1.04
32.00 1.05
33.00 1.04
34.00 1.05
35.00 1.04
36.00 1.05
37.00 1.04
38.00 1.05
39.00 1.04
40.00 1.05
41.00 1.04
42.00 1.05
43.00 1.04
44.00 1.05
45.00 1.04
46.00 1.05
47.00 1.04
48.00 1.05
49.00 1.04
50.00 1.05
51.00 1.04
52.00 1.05
53.00 1.04
54.00 1.05
55.00 1.04
56.00 1.05
57.00 1.05
58.00 1.04
59.00 1.05
60.00 1.04
61.00 1.05
62.00 1.04
63.00 1.05
64.00 1.04
65.00 1.05
66.00 1.04
67.00 1.05
68.00 1.04
69.00 1.05
70.00 1.04
71.00 1.05
72.00 1.04
73.00 1.05
74.00 1.04
75.00 1.05
76.00 1.04
77.00 1.05
78.00 1.04
79.00 1.05
80.00 1.04
81.00 1.05
82.00 1.05
83.00 1.04
84.00 1.05
85.00 1.04
86.00 1.05
87.00 1.04
88.00 1.05
89.00 1.04
0.00 1.05
0.00 1.05
